make: Entering directory '/home/magnus/ntnu/mttk/host2023/project/lf-flexpret/src-gen/rosace/Rosace'
---- Start execution at time Thu Jan  1 00:00:00 1970
---- plus 2036580 nanoseconds.
0.000 10000.000000
0.005 10000.000000
0.010 10000.000000
0.015 10000.000000
0.020 10000.000000
0.025 10000.000000
0.030 10000.000000
0.035 10000.000000
0.040 10000.000000
0.045 10000.000000
0.050 10000.000000
0.055 10000.000000
0.060 10000.000000
0.065 10000.000000
0.070 10000.000000
0.075 10000.000000
0.080 10000.000000
0.085 10000.000000
0.090 10000.000000
0.095 10000.000000
0.100 10000.000000
0.105 10000.000000
0.110 10000.000000
0.115 10000.000000
0.120 10000.000000
0.125 10000.000000
0.130 10000.000000
0.135 10000.000000
0.140 10000.000000
0.145 10000.000000
0.150 10000.000000
0.155 10000.000000
0.160 10000.000000
0.165 10000.000000
0.170 10000.000000
0.175 10000.000000
0.180 10000.000000
0.185 10000.000000
0.190 10000.000000
0.195 10000.000000
0.200 10000.000000
0.205 10000.000000
0.210 10000.000000
0.215 10000.000000
0.220 10000.000000
0.225 10000.000000
0.230 10000.000000
0.235 10000.000000
0.240 10000.000000
0.245 10000.000000
0.250 10000.000000
0.255 10000.000000
0.260 10000.000000
0.265 10000.000000
0.270 10000.000000
0.275 10000.000000
0.280 10000.000000
0.285 10000.000000
0.290 10000.000000
0.295 10000.000000
0.300 10000.000000
0.305 10000.000000
0.310 10000.000000
0.315 10000.000000
0.320 10000.000000
0.325 10000.000000
0.330 10000.000000
0.335 10000.000000
0.340 10000.000000
0.345 10000.000000
0.350 10000.000000
0.355 10000.000000
0.360 10000.000000
0.365 10000.000000
0.370 10000.000000
0.375 10000.000000
0.380 10000.000000
0.385 10000.000000
0.390 10000.000000
0.395 10000.000000
0.400 10000.000000
0.405 10000.000000
0.410 10000.000000
0.415 10000.000000
0.420 10000.000000
0.425 10000.000000
0.430 10000.000000
0.435 10000.000000
0.440 10000.000000
0.445 10000.000000
0.450 10000.000000
0.455 10000.000000
0.460 10000.000000
0.465 10000.000000
0.470 10000.000000
0.475 10000.000000
0.480 10000.000000
0.485 10000.000000
0.490 10000.000000
0.495 10000.000000
0.500 10000.000000
0.505 10000.000000
0.510 10000.000000
0.515 10000.000000
0.520 10000.000000
0.525 10000.000000
0.530 10000.000000
0.535 10000.000000
0.540 10000.000000
0.545 10000.000000
0.550 10000.000000
0.555 10000.000000
0.560 10000.000000
0.565 10000.000000
0.570 10000.000000
0.575 10000.000000
0.580 10000.000000
0.585 10000.000000
0.590 10000.000000
0.595 10000.000000
0.600 10000.000000
0.605 10000.000000
0.610 10000.000000
0.615 10000.000000
0.620 10000.000000
0.625 10000.000000
0.630 10000.000000
0.635 10000.000000
0.640 10000.000000
0.645 10000.000000
0.650 10000.000000
0.655 10000.000000
0.660 10000.000000
0.665 10000.000000
0.670 10000.000000
0.675 10000.000000
0.680 10000.000000
0.685 10000.000000
0.690 10000.000000
0.695 10000.000000
0.700 10000.000000
0.705 10000.000000
0.710 10000.000000
0.715 10000.000000
0.720 10000.000000
0.725 10000.000000
0.730 10000.000000
0.735 10000.000000
0.740 10000.000000
0.745 10000.000000
0.750 10000.000000
0.755 10000.000000
0.760 10000.000000
0.765 10000.000000
0.770 10000.000000
0.775 10000.000000
0.780 10000.000000
0.785 10000.000000
0.790 10000.000000
0.795 10000.000000
0.800 10000.000000
0.805 10000.000000
0.810 10000.000000
0.815 10000.000000
0.820 10000.000000
0.825 10000.000000
0.830 10000.000000
0.835 10000.000000
0.840 10000.000000
0.845 10000.000000
0.850 10000.000000
0.855 10000.000000
0.860 10000.000000
0.865 10000.000000
0.870 10000.000000
0.875 10000.000000
0.880 10000.000000
0.885 10000.000000
0.890 10000.000000
0.895 10000.000000
0.900 10000.000000
0.905 10000.000000
0.910 10000.000000
0.915 10000.000000
0.920 10000.000000
0.925 10000.000000
0.930 10000.000000
0.935 10000.000000
0.940 10000.000000
0.945 10000.000000
0.950 10000.000000
0.955 10000.000000
0.960 10000.000000
0.965 10000.000000
0.970 10000.000000
0.975 10000.000000
0.980 10000.000000
0.985 10000.000000
0.990 10000.000000
0.995 10000.000000
1.000 10000.000000

1.005 10000.000000
1.010 10000.000000
1.015 10000.000000
1.020 10000.000000
1.025 10000.000000
1.030 10000.000000
1.035 10000.000000
1.040 10000.000000
1.045 10000.000000
1.050 10000.000000
1.055 10000.000000
1.060 10000.000000
1.065 10000.000000
1.070 10000.000000
1.075 10000.000000
1.080 10000.000000
1.085 10000.000000
1.090 10000.000000
1.095 10000.000000
1.100 10000.000000
1.105 10000.000000
1.110 10000.000000
1.115 10000.000000
1.120 10000.000000
1.125 10000.000000
1.130 10000.000000
1.135 10000.000000
1.140 10000.000000
1.145 10000.000000
1.150 10000.000000
1.155 10000.000000
1.160 10000.000000
1.165 10000.000000
1.170 10000.000000
1.175 10000.000000
1.180 10000.000000
1.185 10000.000000
1.190 10000.000000
1.195 10000.000000
1.200 10000.000000
1.205 10000.000000
1.210 10000.000000
1.215 10000.000000
1.220 10000.000000
1.225 10000.000000
1.230 10000.000000
1.235 10000.000000
1.240 10000.000000
1.245 10000.000000
1.250 10000.000000
1.255 10000.000000
1.260 10000.000000
1.265 10000.000000
1.270 10000.000000
1.275 10000.000000
1.280 10000.000000
1.285 10000.000000
1.290 10000.000000
1.295 10000.000000
1.300 10000.000000
1.305 10000.000000
1.310 10000.000000
1.315 10000.000000
1.320 10000.000000
1.325 10000.000000
1.330 10000.000000
1.335 10000.000000
1.340 10000.000000
1.345 10000.000000
1.350 10000.000000
1.355 10000.000000
1.360 10000.000000
1.365 10000.000000
1.370 10000.000000
1.375 10000.000000
1.380 10000.000000
1.385 10000.000000
1.390 10000.000000
1.395 10000.000000
1.400 10000.000000
1.405 10000.000000
1.410 10000.000000
1.415 10000.000000
1.420 10000.000000
1.425 10000.000000
1.430 10000.000000
1.435 10000.000000
1.440 10000.000000
1.445 10000.000000
1.450 10000.000000
1.455 10000.000000
1.460 10000.000000
1.465 10000.000000
1.470 10000.000000
1.475 10000.000000
1.480 10000.000000
1.485 10000.000000
1.490 10000.000000
1.495 10000.000000
1.500 10000.000000
1.505 10000.000000
1.510 10000.000000
1.515 10000.000000
1.520 10000.000000
1.525 10000.000000
1.530 10000.000000
1.535 10000.000000
1.540 10000.000000
1.545 10000.000000
1.550 10000.000000
1.555 10000.000000
1.560 10000.000000
1.565 10000.000000
1.570 10000.000000
1.575 10000.000000
1.580 10000.000000
1.585 10000.000000
1.590 10000.000000
1.595 10000.000000
1.600 10000.000000
1.605 10000.000000
1.610 10000.000000
1.615 10000.000000
1.620 10000.000000
1.625 10000.000000
1.630 10000.000000
1.635 10000.000000
1.640 10000.000000
1.645 10000.000000
1.650 10000.000000
1.655 10000.000000
1.660 10000.000000
1.665 10000.000000
1.670 10000.000000
1.675 10000.000000
1.680 10000.000000
1.685 10000.000000
1.690 10000.000000
1.695 10000.000000
1.700 10000.000000
1.705 10000.000000
1.710 10000.000000
1.715 10000.000000
1.720 10000.000000
1.725 10000.000000
1.730 10000.000000
1.735 10000.000000
1.740 10000.000000
1.745 10000.000000
1.750 10000.000000
1.755 10000.000000
1.760 10000.000000
1.765 10000.000000
1.770 10000.000000
1.775 10000.000000
1.780 10000.000000
1.785 10000.000000
1.790 10000.000000
1.795 10000.000000
1.800 10000.000000
1.805 10000.000000
1.810 10000.000000
1.815 10000.000000
1.820 10000.000000
1.825 10000.000000
1.830 10000.000000
1.835 10000.000000
1.840 10000.000000
1.845 10000.000000
1.850 10000.000000
1.855 10000.000000
1.860 10000.000000
1.865 10000.000000
1.870 10000.000000
1.875 10000.000000
1.880 10000.000000
1.885 10000.000000
1.890 10000.000000
1.895 10000.000977
1.900 10000.001953
1.905 10000.002930
1.910 10000.003906
1.915 10000.004883
1.920 10000.005859
1.925 10000.006836
1.930 10000.007812
1.935 10000.008789
1.940 10000.009766
1.945 10000.010742
1.950 10000.011719
1.955 10000.012695
1.960 10000.013672
1.965 10000.014648
1.970 10000.015625
1.975 10000.016602
1.980 10000.017578
1.985 10000.018555
1.990 10000.019531
1.995 10000.020508
2.000 10000.021484

2.005 10000.022461
2.010 10000.023438
2.015 10000.024414
2.020 10000.025391
2.025 10000.026367
2.030 10000.027344
2.035 10000.028320
2.040 10000.029297
2.045 10000.030273
2.050 10000.031250
2.055 10000.032227
2.060 10000.033203
2.065 10000.034180
2.070 10000.035156
2.075 10000.036133
2.080 10000.037109
2.085 10000.038086
2.090 10000.039062
2.095 10000.040039
2.100 10000.041016
2.105 10000.041992
2.110 10000.042969
2.115 10000.043945
2.120 10000.044922
2.125 10000.045898
2.130 10000.046875
2.135 10000.047852
2.140 10000.048828
2.145 10000.049805
2.150 10000.050781
2.155 10000.051758
2.160 10000.052734
2.165 10000.053711
2.170 10000.054688
2.175 10000.055664
2.180 10000.056641
2.185 10000.057617
2.190 10000.058594
2.195 10000.059570
2.200 10000.060547
2.205 10000.061523
2.210 10000.062500
2.215 10000.063477
2.220 10000.064453
2.225 10000.065430
2.230 10000.066406
2.235 10000.067383
2.240 10000.068359
2.245 10000.069336
2.250 10000.070312
2.255 10000.071289
2.260 10000.072266
2.265 10000.073242
2.270 10000.074219
2.275 10000.075195
2.280 10000.076172
2.285 10000.077148
2.290 10000.078125
2.295 10000.079102
2.300 10000.080078
2.305 10000.081055
2.310 10000.082031
2.315 10000.083008
2.320 10000.083984
2.325 10000.084961
2.330 10000.085938
2.335 10000.086914
2.340 10000.087891
2.345 10000.088867
2.350 10000.089844
2.355 10000.090820
2.360 10000.091797
2.365 10000.092773
2.370 10000.093750
2.375 10000.094727
2.380 10000.095703
2.385 10000.096680
2.390 10000.097656
2.395 10000.098633
2.400 10000.099609
2.405 10000.100586
2.410 10000.101562
2.415 10000.102539
2.420 10000.103516
2.425 10000.104492
2.430 10000.105469
2.435 10000.106445
2.440 10000.107422
2.445 10000.108398
2.450 10000.109375
2.455 10000.110352
2.460 10000.111328
2.465 10000.112305
2.470 10000.113281
2.475 10000.114258
2.480 10000.115234
2.485 10000.116211
2.490 10000.117188
2.495 10000.118164
2.500 10000.119141
2.505 10000.120117
2.510 10000.121094
2.515 10000.122070
2.520 10000.123047
2.525 10000.124023
2.530 10000.125000
2.535 10000.125977
2.540 10000.126953
2.545 10000.127930
2.550 10000.128906
2.555 10000.129883
2.560 10000.130859
2.565 10000.131836
2.570 10000.132812
2.575 10000.133789
2.580 10000.134766
2.585 10000.135742
2.590 10000.136719
2.595 10000.137695
2.600 10000.138672
2.605 10000.139648
2.610 10000.140625
2.615 10000.141602
2.620 10000.142578
2.625 10000.143555
2.630 10000.144531
2.635 10000.145508
2.640 10000.146484
2.645 10000.147461
2.650 10000.148438
2.655 10000.149414
2.660 10000.150391
2.665 10000.151367
2.670 10000.152344
2.675 10000.153320
2.680 10000.154297
2.685 10000.156250
2.690 10000.158203
2.695 10000.160156
2.700 10000.162109
2.705 10000.164062
2.710 10000.166016
2.715 10000.167969
2.720 10000.169922
2.725 10000.171875
2.730 10000.173828
2.735 10000.175781
2.740 10000.177734
2.745 10000.179688
2.750 10000.181641
2.755 10000.183594
2.760 10000.185547
2.765 10000.187500
2.770 10000.189453
2.775 10000.191406
2.780 10000.193359
2.785 10000.195312
2.790 10000.197266
2.795 10000.199219
2.800 10000.201172
2.805 10000.203125
2.810 10000.205078
2.815 10000.207031
2.820 10000.208984
2.825 10000.210938
2.830 10000.212891
2.835 10000.214844
2.840 10000.216797
2.845 10000.218750
2.850 10000.220703
2.855 10000.222656
2.860 10000.224609
2.865 10000.226562
2.870 10000.228516
2.875 10000.230469
2.880 10000.232422
2.885 10000.234375
2.890 10000.236328
2.895 10000.238281
2.900 10000.240234
2.905 10000.242188
2.910 10000.244141
2.915 10000.246094
2.920 10000.248047
2.925 10000.250000
2.930 10000.251953
2.935 10000.253906
2.940 10000.255859
2.945 10000.257812
2.950 10000.259766
2.955 10000.261719
2.960 10000.263672
2.965 10000.265625
2.970 10000.267578
2.975 10000.269531
2.980 10000.271484
2.985 10000.273438
2.990 10000.275391
2.995 10000.277344
3.000 10000.279297

3.005 10000.281250
3.010 10000.283203
3.015 10000.285156
3.020 10000.287109
3.025 10000.289062
3.030 10000.291016
3.035 10000.292969
3.040 10000.294922
3.045 10000.296875
3.050 10000.298828
3.055 10000.300781
3.060 10000.302734
3.065 10000.304688
3.070 10000.306641
3.075 10000.308594
3.080 10000.310547
3.085 10000.312500
3.090 10000.314453
3.095 10000.316406
3.100 10000.318359
3.105 10000.320312
3.110 10000.322266
3.115 10000.324219
3.120 10000.326172
3.125 10000.328125
3.130 10000.330078
3.135 10000.332031
3.140 10000.333984
3.145 10000.335938
3.150 10000.337891
3.155 10000.339844
3.160 10000.341797
3.165 10000.343750
3.170 10000.345703
3.175 10000.347656
3.180 10000.349609
3.185 10000.351562
3.190 10000.353516
3.195 10000.355469
3.200 10000.357422
3.205 10000.359375
3.210 10000.361328
3.215 10000.363281
3.220 10000.365234
3.225 10000.367188
3.230 10000.369141
3.235 10000.372070
3.240 10000.375000
3.245 10000.377930
3.250 10000.380859
3.255 10000.383789
3.260 10000.386719
3.265 10000.389648
3.270 10000.392578
3.275 10000.395508
3.280 10000.398438
3.285 10000.401367
3.290 10000.404297
3.295 10000.407227
3.300 10000.410156
3.305 10000.413086
3.310 10000.416016
3.315 10000.418945
3.320 10000.421875
3.325 10000.424805
3.330 10000.427734
3.335 10000.430664
3.340 10000.433594
3.345 10000.436523
3.350 10000.439453
3.355 10000.442383
3.360 10000.445312
3.365 10000.448242
3.370 10000.451172
3.375 10000.454102
3.380 10000.457031
3.385 10000.459961
3.390 10000.462891
3.395 10000.465820
3.400 10000.468750
3.405 10000.471680
3.410 10000.474609
3.415 10000.477539
3.420 10000.480469
3.425 10000.483398
3.430 10000.486328
3.435 10000.489258
3.440 10000.492188
3.445 10000.495117
3.450 10000.498047
3.455 10000.500977
3.460 10000.503906
3.465 10000.506836
3.470 10000.509766
3.475 10000.512695
3.480 10000.515625
3.485 10000.518555
3.490 10000.521484
3.495 10000.524414
3.500 10000.527344
3.505 10000.530273
3.510 10000.533203
3.515 10000.536133
3.520 10000.539062
3.525 10000.541992
3.530 10000.544922
3.535 10000.547852
3.540 10000.550781
3.545 10000.553711
3.550 10000.556641
3.555 10000.559570
3.560 10000.562500
3.565 10000.565430
3.570 10000.568359
3.575 10000.571289
3.580 10000.574219
3.585 10000.577148
3.590 10000.580078
3.595 10000.583008
3.600 10000.585938
3.605 10000.588867
3.610 10000.591797
3.615 10000.594727
3.620 10000.597656
3.625 10000.600586
3.630 10000.603516
3.635 10000.606445
3.640 10000.609375
3.645 10000.612305
3.650 10000.615234
3.655 10000.618164
3.660 10000.621094
3.665 10000.624023
3.670 10000.626953
3.675 10000.629883
3.680 10000.632812
3.685 10000.635742
3.690 10000.638672
3.695 10000.641602
3.700 10000.644531
3.705 10000.647461
3.710 10000.650391
3.715 10000.654297
3.720 10000.658203
3.725 10000.662109
3.730 10000.666016
3.735 10000.669922
3.740 10000.673828
3.745 10000.677734
3.750 10000.681641
3.755 10000.685547
3.760 10000.689453
3.765 10000.693359
3.770 10000.697266
3.775 10000.701172
3.780 10000.705078
3.785 10000.708984
3.790 10000.712891
3.795 10000.716797
3.800 10000.720703
3.805 10000.724609
3.810 10000.728516
3.815 10000.732422
3.820 10000.736328
3.825 10000.740234
3.830 10000.744141
3.835 10000.748047
3.840 10000.751953
3.845 10000.755859
3.850 10000.759766
3.855 10000.763672
3.860 10000.767578
3.865 10000.771484
3.870 10000.775391
3.875 10000.779297
3.880 10000.783203
3.885 10000.787109
3.890 10000.791016
3.895 10000.794922
3.900 10000.798828
3.905 10000.802734
3.910 10000.806641
3.915 10000.810547
3.920 10000.814453
3.925 10000.818359
3.930 10000.822266
3.935 10000.826172
3.940 10000.830078
3.945 10000.833984
3.950 10000.837891
3.955 10000.841797
3.960 10000.845703
3.965 10000.849609
3.970 10000.853516
3.975 10000.857422
3.980 10000.861328
3.985 10000.865234
3.990 10000.869141
3.995 10000.873047
4.000 10000.876953

4.005 10000.880859
4.010 10000.884766
4.015 10000.888672
4.020 10000.892578
4.025 10000.896484
4.030 10000.900391
4.035 10000.904297
4.040 10000.908203
4.045 10000.912109
4.050 10000.916016
4.055 10000.919922
4.060 10000.923828
4.065 10000.927734
4.070 10000.931641
4.075 10000.935547
4.080 10000.939453
4.085 10000.943359
4.090 10000.947266
4.095 10000.951172
4.100 10000.955078
4.105 10000.958984
4.110 10000.962891
4.115 10000.966797
4.120 10000.970703
4.125 10000.974609
4.130 10000.978516
4.135 10000.982422
4.140 10000.986328
4.145 10000.990234
4.150 10000.994141
4.155 10000.998047
4.160 10001.001953
4.165 10001.005859
4.170 10001.010742
4.175 10001.015625
4.180 10001.020508
4.185 10001.025391
4.190 10001.030273
4.195 10001.035156
4.200 10001.040039
4.205 10001.044922
4.210 10001.049805
4.215 10001.054688
4.220 10001.059570
4.225 10001.064453
4.230 10001.069336
4.235 10001.074219
4.240 10001.079102
4.245 10001.083984
4.250 10001.088867
4.255 10001.093750
4.260 10001.098633
4.265 10001.103516
4.270 10001.108398
4.275 10001.113281
4.280 10001.118164
4.285 10001.123047
4.290 10001.127930
4.295 10001.132812
4.300 10001.137695
4.305 10001.142578
4.310 10001.147461
4.315 10001.152344
4.320 10001.157227
4.325 10001.162109
4.330 10001.166992
4.335 10001.171875
4.340 10001.176758
4.345 10001.181641
4.350 10001.186523
4.355 10001.191406
4.360 10001.196289
4.365 10001.201172
4.370 10001.206055
4.375 10001.210938
4.380 10001.215820
4.385 10001.220703
4.390 10001.225586
4.395 10001.230469
4.400 10001.235352
4.405 10001.240234
4.410 10001.245117
4.415 10001.250000
4.420 10001.254883
4.425 10001.259766
4.430 10001.264648
4.435 10001.269531
4.440 10001.274414
4.445 10001.279297
4.450 10001.284180
4.455 10001.289062
4.460 10001.293945
4.465 10001.298828
4.470 10001.303711
4.475 10001.308594
4.480 10001.313477
4.485 10001.318359
4.490 10001.323242
4.495 10001.328125
4.500 10001.333008
4.505 10001.337891
4.510 10001.342773
4.515 10001.347656
4.520 10001.352539
4.525 10001.357422
4.530 10001.362305
4.535 10001.367188
4.540 10001.372070
4.545 10001.376953
4.550 10001.381836
4.555 10001.386719
4.560 10001.391602
4.565 10001.396484
4.570 10001.401367
4.575 10001.406250
4.580 10001.411133
4.585 10001.416016
4.590 10001.420898
4.595 10001.425781
4.600 10001.430664
4.605 10001.435547
4.610 10001.440430
4.615 10001.446289
4.620 10001.452148
4.625 10001.458008
4.630 10001.463867
4.635 10001.469727
4.640 10001.475586
4.645 10001.481445
4.650 10001.487305
4.655 10001.493164
4.660 10001.499023
4.665 10001.504883
4.670 10001.510742
4.675 10001.516602
4.680 10001.522461
4.685 10001.528320
4.690 10001.534180
4.695 10001.540039
4.700 10001.545898
4.705 10001.551758
4.710 10001.557617
4.715 10001.563477
4.720 10001.569336
4.725 10001.575195
4.730 10001.581055
4.735 10001.586914
4.740 10001.592773
4.745 10001.598633
4.750 10001.604492
4.755 10001.610352
4.760 10001.616211
4.765 10001.622070
4.770 10001.627930
4.775 10001.633789
4.780 10001.639648
4.785 10001.645508
4.790 10001.651367
4.795 10001.657227
4.800 10001.663086
4.805 10001.668945
4.810 10001.674805
4.815 10001.680664
4.820 10001.686523
4.825 10001.692383
4.830 10001.698242
4.835 10001.704102
4.840 10001.709961
4.845 10001.715820
4.850 10001.721680
4.855 10001.727539
4.860 10001.733398
4.865 10001.739258
4.870 10001.745117
4.875 10001.750977
4.880 10001.756836
4.885 10001.762695
4.890 10001.768555
4.895 10001.774414
4.900 10001.780273
4.905 10001.786133
4.910 10001.791992
4.915 10001.797852
4.920 10001.803711
4.925 10001.809570
4.930 10001.815430
4.935 10001.821289
4.940 10001.827148
4.945 10001.833008
4.950 10001.838867
4.955 10001.844727
4.960 10001.850586
4.965 10001.856445
4.970 10001.862305
4.975 10001.868164
4.980 10001.874023
4.985 10001.879883
4.990 10001.885742
4.995 10001.891602
5.000 10001.897461

5.005 10001.903320
5.010 10001.909180
5.015 10001.915039
5.020 10001.920898
5.025 10001.926758
5.030 10001.932617
5.035 10001.938477
5.040 10001.944336
5.045 10001.950195
5.050 10001.956055
5.055 10001.961914
5.060 10001.967773
5.065 10001.973633
5.070 10001.979492
5.075 10001.986328
5.080 10001.993164
5.085 10002.000000
5.090 10002.006836
5.095 10002.013672
5.100 10002.020508
5.105 10002.027344
5.110 10002.034180
5.115 10002.041016
5.120 10002.047852
5.125 10002.054688
5.130 10002.061523
5.135 10002.068359
5.140 10002.075195
5.145 10002.082031
5.150 10002.088867
5.155 10002.095703
5.160 10002.102539
5.165 10002.109375
5.170 10002.116211
5.175 10002.123047
5.180 10002.129883
5.185 10002.136719
5.190 10002.143555
5.195 10002.150391
5.200 10002.157227
5.205 10002.164062
5.210 10002.170898
5.215 10002.177734
5.220 10002.184570
5.225 10002.191406
5.230 10002.198242
5.235 10002.205078
5.240 10002.211914
5.245 10002.218750
5.250 10002.225586
5.255 10002.232422
5.260 10002.239258
5.265 10002.246094
5.270 10002.252930
5.275 10002.259766
5.280 10002.266602
5.285 10002.273438
5.290 10002.280273
5.295 10002.287109
5.300 10002.293945
5.305 10002.300781
5.310 10002.307617
5.315 10002.314453
5.320 10002.321289
5.325 10002.328125
5.330 10002.334961
5.335 10002.341797
5.340 10002.348633
5.345 10002.355469
5.350 10002.362305
5.355 10002.369141
5.360 10002.375977
5.365 10002.382812
5.370 10002.389648
5.375 10002.396484
5.380 10002.403320
5.385 10002.410156
5.390 10002.416992
5.395 10002.423828
5.400 10002.430664
5.405 10002.437500
5.410 10002.444336
5.415 10002.451172
5.420 10002.458008
5.425 10002.464844
5.430 10002.471680
5.435 10002.478516
5.440 10002.485352
5.445 10002.492188
5.450 10002.499023
5.455 10002.505859
5.460 10002.512695
5.465 10002.519531
5.470 10002.526367
5.475 10002.533203
5.480 10002.540039
5.485 10002.546875
5.490 10002.553711
5.495 10002.560547
5.500 10002.567383
5.505 10002.574219
5.510 10002.581055
5.515 10002.587891
5.520 10002.594727
5.525 10002.601562
5.530 10002.608398
5.535 10002.615234
5.540 10002.622070
5.545 10002.628906
5.550 10002.635742
5.555 10002.642578
5.560 10002.649414
5.565 10002.657227
5.570 10002.665039
5.575 10002.672852
5.580 10002.680664
5.585 10002.688477
5.590 10002.696289
5.595 10002.704102
5.600 10002.711914
5.605 10002.719727
5.610 10002.727539
5.615 10002.735352
5.620 10002.743164
5.625 10002.750977
5.630 10002.758789
5.635 10002.766602
5.640 10002.774414
5.645 10002.782227
5.650 10002.790039
5.655 10002.797852
5.660 10002.805664
5.665 10002.813477
5.670 10002.821289
5.675 10002.829102
5.680 10002.836914
5.685 10002.844727
5.690 10002.852539
5.695 10002.860352
5.700 10002.868164
5.705 10002.875977
5.710 10002.883789
5.715 10002.891602
5.720 10002.899414
5.725 10002.907227
5.730 10002.915039
5.735 10002.922852
5.740 10002.930664
5.745 10002.938477
5.750 10002.946289
5.755 10002.954102
5.760 10002.961914
5.765 10002.969727
5.770 10002.977539
5.775 10002.985352
5.780 10002.993164
5.785 10003.000977
5.790 10003.008789
5.795 10003.016602
5.800 10003.024414
5.805 10003.032227
5.810 10003.040039
5.815 10003.047852
5.820 10003.055664
5.825 10003.063477
5.830 10003.071289
5.835 10003.079102
5.840 10003.086914
5.845 10003.094727
5.850 10003.102539
5.855 10003.110352
5.860 10003.118164
5.865 10003.125977
5.870 10003.133789
5.875 10003.141602
5.880 10003.149414
5.885 10003.157227
5.890 10003.165039
5.895 10003.172852
5.900 10003.180664
5.905 10003.188477
5.910 10003.196289
5.915 10003.204102
5.920 10003.211914
5.925 10003.219727
5.930 10003.227539
5.935 10003.235352
5.940 10003.243164
5.945 10003.250977
5.950 10003.258789
5.955 10003.266602
5.960 10003.274414
5.965 10003.282227
5.970 10003.290039
5.975 10003.297852
5.980 10003.305664
5.985 10003.313477
5.990 10003.321289
5.995 10003.329102
6.000 10003.336914

6.005 10003.344727
6.010 10003.352539
6.015 10003.360352
6.020 10003.368164
6.025 10003.375977
6.030 10003.383789
6.035 10003.391602
6.040 10003.399414
6.045 10003.407227
6.050 10003.415039
6.055 10003.422852
6.060 10003.430664
6.065 10003.438477
6.070 10003.446289
6.075 10003.454102
6.080 10003.461914
6.085 10003.469727
6.090 10003.477539
6.095 10003.486328
6.100 10003.495117
6.105 10003.503906
6.110 10003.512695
6.115 10003.521484
6.120 10003.530273
6.125 10003.539062
6.130 10003.547852
6.135 10003.556641
6.140 10003.565430
6.145 10003.574219
6.150 10003.583008
6.155 10003.591797
6.160 10003.600586
6.165 10003.609375
6.170 10003.618164
6.175 10003.626953
6.180 10003.635742
6.185 10003.644531
6.190 10003.653320
6.195 10003.662109
6.200 10003.670898
6.205 10003.679688
6.210 10003.688477
6.215 10003.697266
6.220 10003.706055
6.225 10003.714844
6.230 10003.723633
6.235 10003.732422
6.240 10003.741211
6.245 10003.750000
6.250 10003.758789
6.255 10003.767578
6.260 10003.776367
6.265 10003.785156
6.270 10003.793945
6.275 10003.802734
6.280 10003.811523
6.285 10003.820312
6.290 10003.829102
6.295 10003.837891
6.300 10003.846680
6.305 10003.855469
6.310 10003.864258
6.315 10003.873047
6.320 10003.881836
6.325 10003.890625
6.330 10003.899414
6.335 10003.908203
6.340 10003.916992
6.345 10003.925781
6.350 10003.934570
6.355 10003.943359
6.360 10003.952148
6.365 10003.960938
6.370 10003.969727
6.375 10003.978516
6.380 10003.987305
6.385 10003.996094
6.390 10004.004883
6.395 10004.013672
6.400 10004.022461
6.405 10004.031250
6.410 10004.040039
6.415 10004.048828
6.420 10004.057617
6.425 10004.066406
6.430 10004.075195
6.435 10004.083984
6.440 10004.092773
6.445 10004.101562
6.450 10004.110352
6.455 10004.119141
6.460 10004.127930
6.465 10004.136719
6.470 10004.145508
6.475 10004.154297
6.480 10004.163086
6.485 10004.171875
6.490 10004.180664
6.495 10004.189453
6.500 10004.198242
6.505 10004.207031
6.510 10004.215820
6.515 10004.224609
6.520 10004.233398
6.525 10004.242188
6.530 10004.250977
6.535 10004.259766
6.540 10004.268555
6.545 10004.277344
6.550 10004.286133
6.555 10004.294922
6.560 10004.303711
6.565 10004.312500
6.570 10004.321289
6.575 10004.330078
6.580 10004.338867
6.585 10004.347656
6.590 10004.356445
6.595 10004.365234
6.600 10004.374023
6.605 10004.382812
6.610 10004.391602
6.615 10004.400391
6.620 10004.409180
6.625 10004.417969
6.630 10004.426758
6.635 10004.435547
6.640 10004.444336
6.645 10004.453125
6.650 10004.461914
6.655 10004.470703
6.660 10004.479492
6.665 10004.488281
6.670 10004.497070
6.675 10004.505859
6.680 10004.514648
6.685 10004.523438
6.690 10004.532227
6.695 10004.541016
6.700 10004.550781
6.705 10004.560547
6.710 10004.570312
6.715 10004.580078
6.720 10004.589844
6.725 10004.599609
6.730 10004.609375
6.735 10004.619141
6.740 10004.628906
6.745 10004.638672
6.750 10004.648438
6.755 10004.658203
6.760 10004.667969
6.765 10004.677734
6.770 10004.687500
6.775 10004.697266
6.780 10004.707031
6.785 10004.716797
6.790 10004.726562
6.795 10004.736328
6.800 10004.746094
6.805 10004.755859
6.810 10004.765625
6.815 10004.775391
6.820 10004.785156
6.825 10004.794922
6.830 10004.804688
6.835 10004.814453
6.840 10004.824219
6.845 10004.833984
6.850 10004.843750
6.855 10004.853516
6.860 10004.863281
6.865 10004.873047
6.870 10004.882812
6.875 10004.892578
6.880 10004.902344
6.885 10004.912109
6.890 10004.921875
6.895 10004.931641
6.900 10004.941406
6.905 10004.951172
6.910 10004.960938
6.915 10004.970703
6.920 10004.980469
6.925 10004.990234
6.930 10005.000000
6.935 10005.009766
6.940 10005.019531
6.945 10005.029297
6.950 10005.039062
6.955 10005.048828
6.960 10005.058594
6.965 10005.068359
6.970 10005.078125
6.975 10005.087891
6.980 10005.097656
6.985 10005.107422
6.990 10005.117188
6.995 10005.126953
7.000 10005.136719

7.005 10005.146484
7.010 10005.156250
7.015 10005.166016
7.020 10005.175781
7.025 10005.185547
7.030 10005.195312
7.035 10005.205078
7.040 10005.214844
7.045 10005.224609
7.050 10005.234375
7.055 10005.244141
7.060 10005.253906
7.065 10005.263672
7.070 10005.273438
7.075 10005.283203
7.080 10005.292969
7.085 10005.302734
7.090 10005.312500
7.095 10005.322266
7.100 10005.332031
7.105 10005.341797
7.110 10005.351562
7.115 10005.361328
7.120 10005.371094
7.125 10005.380859
7.130 10005.390625
7.135 10005.400391
7.140 10005.410156
7.145 10005.419922
7.150 10005.429688
7.155 10005.439453
7.160 10005.449219
7.165 10005.458984
7.170 10005.468750
7.175 10005.478516
7.180 10005.488281
7.185 10005.498047
7.190 10005.507812
7.195 10005.517578
7.200 10005.527344
7.205 10005.537109
7.210 10005.546875
7.215 10005.556641
7.220 10005.566406
7.225 10005.576172
7.230 10005.585938
7.235 10005.595703
7.240 10005.605469
7.245 10005.615234
7.250 10005.625000
7.255 10005.634766
7.260 10005.644531
7.265 10005.654297
7.270 10005.664062
7.275 10005.673828
7.280 10005.683594
7.285 10005.693359
7.290 10005.703125
7.295 10005.712891
7.300 10005.722656
7.305 10005.732422
7.310 10005.742188
7.315 10005.751953
7.320 10005.761719
7.325 10005.771484
7.330 10005.781250
7.335 10005.791016
7.340 10005.800781
7.345 10005.810547
7.350 10005.820312
7.355 10005.830078
7.360 10005.839844
7.365 10005.849609
7.370 10005.859375
7.375 10005.869141
7.380 10005.878906
7.385 10005.888672
7.390 10005.898438
7.395 10005.908203
7.400 10005.917969
7.405 10005.927734
7.410 10005.937500
7.415 10005.948242
7.420 10005.958984
7.425 10005.969727
7.430 10005.980469
7.435 10005.991211
7.440 10006.001953
7.445 10006.012695
7.450 10006.023438
7.455 10006.034180
7.460 10006.044922
7.465 10006.055664
7.470 10006.066406
7.475 10006.077148
7.480 10006.087891
7.485 10006.098633
7.490 10006.109375
7.495 10006.120117
7.500 10006.130859
7.505 10006.141602
7.510 10006.152344
7.515 10006.163086
7.520 10006.173828
7.525 10006.184570
7.530 10006.195312
7.535 10006.206055
7.540 10006.216797
7.545 10006.227539
7.550 10006.238281
7.555 10006.249023
7.560 10006.259766
7.565 10006.270508
7.570 10006.281250
7.575 10006.291992
7.580 10006.302734
7.585 10006.313477
7.590 10006.324219
7.595 10006.334961
7.600 10006.345703
7.605 10006.356445
7.610 10006.367188
7.615 10006.377930
7.620 10006.388672
7.625 10006.399414
7.630 10006.410156
7.635 10006.420898
7.640 10006.431641
7.645 10006.442383
7.650 10006.453125
7.655 10006.463867
7.660 10006.474609
7.665 10006.485352
7.670 10006.496094
7.675 10006.506836
7.680 10006.517578
7.685 10006.528320
7.690 10006.539062
7.695 10006.549805
7.700 10006.560547
7.705 10006.571289
7.710 10006.582031
7.715 10006.592773
7.720 10006.603516
7.725 10006.614258
7.730 10006.625000
7.735 10006.635742
7.740 10006.646484
7.745 10006.657227
7.750 10006.667969
7.755 10006.678711
7.760 10006.689453
7.765 10006.700195
7.770 10006.710938
7.775 10006.721680
7.780 10006.732422
7.785 10006.743164
7.790 10006.753906
7.795 10006.764648
7.800 10006.775391
7.805 10006.786133
7.810 10006.796875
7.815 10006.807617
7.820 10006.818359
7.825 10006.829102
7.830 10006.839844
7.835 10006.850586
7.840 10006.861328
7.845 10006.872070
7.850 10006.882812
7.855 10006.893555
7.860 10006.904297
7.865 10006.915039
7.870 10006.925781
7.875 10006.936523
7.880 10006.947266
7.885 10006.958008
7.890 10006.968750
7.895 10006.979492
7.900 10006.990234
7.905 10007.000977
7.910 10007.011719
7.915 10007.022461
7.920 10007.033203
7.925 10007.043945
7.930 10007.054688
7.935 10007.065430
7.940 10007.076172
7.945 10007.086914
7.950 10007.097656
7.955 10007.108398
7.960 10007.119141
7.965 10007.129883
7.970 10007.140625
7.975 10007.151367
7.980 10007.162109
7.985 10007.172852
7.990 10007.183594
7.995 10007.194336
8.000 10007.205078

8.005 10007.215820
8.010 10007.226562
8.015 10007.237305
8.020 10007.248047
8.025 10007.258789
8.030 10007.269531
8.035 10007.280273
8.040 10007.291016
8.045 10007.301758
8.050 10007.312500
8.055 10007.323242
8.060 10007.333984
8.065 10007.344727
8.070 10007.355469
8.075 10007.366211
8.080 10007.376953
8.085 10007.387695
8.090 10007.398438
8.095 10007.409180
8.100 10007.419922
8.105 10007.430664
8.110 10007.441406
8.115 10007.452148
8.120 10007.462891
8.125 10007.473633
8.130 10007.484375
8.135 10007.495117
8.140 10007.505859
8.145 10007.516602
8.150 10007.527344
8.155 10007.538086
8.160 10007.548828
8.165 10007.559570
8.170 10007.570312
8.175 10007.581055
8.180 10007.591797
8.185 10007.602539
8.190 10007.613281
8.195 10007.624023
8.200 10007.634766
8.205 10007.645508
8.210 10007.656250
8.215 10007.666992
8.220 10007.677734
8.225 10007.688477
8.230 10007.699219
8.235 10007.709961
8.240 10007.720703
8.245 10007.731445
8.250 10007.742188
8.255 10007.752930
8.260 10007.763672
8.265 10007.774414
8.270 10007.785156
8.275 10007.795898
8.280 10007.806641
8.285 10007.817383
8.290 10007.828125
8.295 10007.838867
8.300 10007.849609
8.305 10007.860352
8.310 10007.871094
8.315 10007.881836
8.320 10007.892578
8.325 10007.904297
8.330 10007.916016
8.335 10007.927734
8.340 10007.939453
8.345 10007.951172
8.350 10007.962891
8.355 10007.974609
8.360 10007.986328
8.365 10007.998047
8.370 10008.009766
8.375 10008.021484
8.380 10008.033203
8.385 10008.044922
8.390 10008.056641
8.395 10008.068359
8.400 10008.080078
8.405 10008.091797
8.410 10008.103516
8.415 10008.115234
8.420 10008.126953
8.425 10008.138672
8.430 10008.150391
8.435 10008.162109
8.440 10008.173828
8.445 10008.185547
8.450 10008.197266
8.455 10008.208984
8.460 10008.220703
8.465 10008.232422
8.470 10008.244141
8.475 10008.255859
8.480 10008.267578
8.485 10008.279297
8.490 10008.291016
8.495 10008.302734
8.500 10008.314453
8.505 10008.326172
8.510 10008.337891
8.515 10008.349609
8.520 10008.361328
8.525 10008.373047
8.530 10008.384766
8.535 10008.396484
8.540 10008.408203
8.545 10008.419922
8.550 10008.431641
8.555 10008.443359
8.560 10008.455078
8.565 10008.466797
8.570 10008.478516
8.575 10008.490234
8.580 10008.501953
8.585 10008.513672
8.590 10008.525391
8.595 10008.537109
8.600 10008.548828
8.605 10008.560547
8.610 10008.572266
8.615 10008.583984
8.620 10008.595703
8.625 10008.607422
8.630 10008.619141
8.635 10008.630859
8.640 10008.642578
8.645 10008.654297
8.650 10008.666016
8.655 10008.677734
8.660 10008.689453
8.665 10008.701172
8.670 10008.712891
8.675 10008.724609
8.680 10008.736328
8.685 10008.748047
8.690 10008.759766
8.695 10008.771484
8.700 10008.783203
8.705 10008.794922
8.710 10008.806641
8.715 10008.818359
8.720 10008.830078
8.725 10008.841797
8.730 10008.853516
8.735 10008.865234
8.740 10008.876953
8.745 10008.888672
8.750 10008.900391
8.755 10008.912109
8.760 10008.923828
8.765 10008.935547
8.770 10008.947266
8.775 10008.958984
8.780 10008.970703
8.785 10008.982422
8.790 10008.994141
8.795 10009.005859
8.800 10009.017578
8.805 10009.029297
8.810 10009.041016
8.815 10009.052734
8.820 10009.064453
8.825 10009.076172
8.830 10009.087891
8.835 10009.099609
8.840 10009.111328
8.845 10009.123047
8.850 10009.134766
8.855 10009.146484
8.860 10009.158203
8.865 10009.169922
8.870 10009.181641
8.875 10009.193359
8.880 10009.205078
8.885 10009.216797
8.890 10009.228516
8.895 10009.240234
8.900 10009.251953
8.905 10009.263672
8.910 10009.275391
8.915 10009.287109
8.920 10009.298828
8.925 10009.310547
8.930 10009.322266
8.935 10009.333984
8.940 10009.345703
8.945 10009.357422
8.950 10009.369141
8.955 10009.380859
8.960 10009.392578
8.965 10009.404297
8.970 10009.416016
8.975 10009.427734
8.980 10009.439453
8.985 10009.451172
8.990 10009.462891
8.995 10009.474609
9.000 10009.486328

