0.000,-0.000000,-1.000000,-2.000000,-3.141590,0.000000
0.005,-0.500000,-1.000000,-2.000000,-3.141590,0.000000
0.010,-0.500000,-1.000000,-1.999601,-3.141590,-0.000000
0.015,-0.500000,-1.000000,-1.998402,-0.000888,-0.002391
0.020,-0.500000,-1.000000,-1.996403,-0.002669,-0.007172
0.025,-0.500000,-1.000000,-1.993603,-0.005339,-0.014343
0.030,-0.500000,-1.000000,-1.990001,-0.008898,-0.023906
0.035,-0.500000,-1.000000,-1.985593,-0.013344,-0.035858
0.040,-0.500000,-1.000000,-1.980374,-0.018675,-0.050201
0.045,-0.500000,-1.000000,-1.974332,-0.024888,-0.066935
0.050,-0.500000,-1.000000,-1.967452,-0.031982,-0.086058
0.055,-0.500000,-1.000000,-1.959707,-0.039955,-0.107571
0.060,-0.500000,-1.000000,-1.951063,-0.048809,-0.131474
0.065,-0.500000,-1.000000,-1.941470,-0.058543,-0.157765
0.070,-0.500000,-1.000000,-1.930862,-0.069161,-0.186445
0.075,-0.500000,-1.000000,-1.919154,-0.080670,-0.217512
0.080,-0.500000,-1.000000,-1.906235,-0.093079,-0.250966
0.085,-0.500000,-1.000000,-1.891968,-0.106402,-0.286806
0.090,-0.500000,-1.000000,-1.876179,-0.120655,-0.325031
0.095,-0.500000,-1.000000,-1.858657,-0.135864,-0.365640
0.100,-0.500000,-1.000000,-1.839142,-0.152057,-0.408631
0.105,-0.500000,-1.000000,-1.817321,-0.169271,-0.454003
0.110,-0.500000,-1.000000,-1.792815,-0.187551,-0.501753
0.115,-0.500000,-1.000000,-1.765170,-0.206951,-0.551877
0.120,-0.500000,-1.000000,-1.733847,-0.227534,-0.604369
0.125,-0.500000,-1.000000,-1.698203,-0.249375,-0.659223
0.130,-0.500000,-1.000000,-1.657478,-0.272560,-0.716430
0.135,-0.500000,-1.000000,-1.610776,-0.297187,-0.775981
0.140,-0.500000,-1.000000,-1.557044,-0.323367,-0.837868
0.145,-0.500000,-1.000000,-1.495047,-0.351227,-0.902085
0.150,-0.500000,-1.000000,-1.423346,-0.380908,-0.968630
0.155,-0.500000,-1.000000,-1.340280,-0.412564,-1.037499
0.160,-0.500000,-1.000000,-1.243959,-0.446368,-1.108686
0.165,-0.500000,-1.000000,-1.132283,-0.482506,-1.182168
0.170,-0.500000,-1.000000,-1.002983,-0.521177,-1.257910
0.175,-0.426828,-1.000000,-0.853656,-0.562590,-1.335874
0.180,-0.343484,-1.000000,-0.686968,-0.606964,-1.416042
0.185,-0.251621,-1.000000,-0.503242,-0.654412,-1.498079
0.190,-0.151910,-1.000000,-0.303821,-0.705011,-1.581586
0.195,-0.045781,-1.000000,-0.091563,-0.758798,-1.666078
0.200,0.064571,-1.000000,0.129142,-0.815744,-1.751019
0.205,0.176409,-1.000000,0.352818,-0.875751,-1.835901
0.210,0.286639,-1.000000,0.573279,-0.938644,-1.920245
0.215,0.391901,-1.000000,0.783801,-1.004179,-2.003555
0.220,0.488824,-1.000000,0.977647,-1.072040,-2.085295
0.225,0.500000,-1.000000,1.149055,-1.141854,-2.164942
0.230,0.500000,-1.000000,1.297976,-1.213199,-2.242044
0.235,0.500000,-1.000000,1.422816,-1.285690,-2.316576
0.240,0.500000,-1.000000,1.522807,-1.358945,-2.388580
0.245,0.500000,-1.000000,1.598341,-1.432591,-2.458102
0.250,0.500000,-1.000000,1.650855,-1.506278,-2.525186
0.255,-0.500000,-1.000000,1.682657,-1.579685,-2.589871
0.260,-0.500000,-1.000000,1.695615,-1.652528,-2.652188
0.265,-0.500000,-1.000000,1.682144,-1.724552,-2.716687
0.270,-0.500000,-1.000000,1.640863,-1.795395,-2.783396
0.275,-0.500000,-1.000000,1.571540,-1.864669,-2.852351
0.280,-0.500000,-1.000000,1.475187,-1.931962,-2.923596
0.285,-0.500000,-1.000000,1.354033,-1.996852,-2.997201
0.290,-0.500000,-1.000000,1.211450,-2.058912,-3.073244
0.295,-0.500000,-1.000000,1.051934,-2.117717,-0.010183
0.300,-0.440516,-1.000000,0.881031,-2.172853,-0.091185
0.305,-0.353758,-1.000000,0.707517,-2.223931,-0.174634
0.310,-0.269509,-1.000000,0.539018,-2.270650,-0.260323
0.315,-0.190659,-1.000000,0.381318,-2.312792,-0.347914
0.320,-0.119603,-1.000000,0.239206,-2.350211,-0.436944
0.325,-0.057838,-1.000000,0.115676,-2.382835,-0.527023
0.330,-0.006031,-1.000000,0.012061,-2.410655,-0.617897
0.335,0.035536,-1.000000,-0.071073,-2.433696,-0.709221
0.340,0.067002,-1.000000,-0.134003,-2.452020,-0.800678
0.345,0.088840,-1.000000,-0.177680,-2.465712,-0.892130
0.350,0.101550,-1.000000,-0.203099,-2.474860,-0.983418
0.355,0.105610,-1.000000,-0.211221,-2.479544,-1.074344
0.360,-0.101459,-1.000000,-0.202918,-2.479843,-1.164854
0.365,-0.088175,-1.000000,-0.176351,-2.475818,-1.254972
0.370,-0.065604,-1.000000,-0.131208,-2.467224,-1.345599
0.375,-0.033704,-1.000000,-0.067409,-2.454033,-1.436609
0.380,0.007479,-1.000000,0.014957,-2.436225,-1.527945
0.385,0.057646,-1.000000,0.115293,-2.413792,-1.619445
0.390,0.116073,-1.000000,0.232147,-2.386744,-1.710816
0.395,0.181784,-1.000000,0.363567,-2.355126,-1.801836
0.400,0.253448,-1.000000,0.506897,-2.319012,-1.892273
0.405,0.329079,-1.000000,0.658159,-2.278511,-1.981732
0.410,0.406332,-1.000000,0.812664,-2.233784,-2.069828
0.415,0.482813,-1.000000,0.965627,-2.185042,-2.156276
0.420,0.500000,-1.000000,1.111794,-2.132534,-2.240716
0.425,0.500000,-1.000000,1.248794,-2.076554,-2.322719
0.430,0.500000,-1.000000,1.373628,-2.017382,-2.402188
0.435,0.500000,-1.000000,1.483398,-1.955307,-2.479179
0.440,0.500000,-1.000000,1.575685,-1.890624,-2.553743
0.445,0.500000,-1.000000,1.648574,-1.823635,-2.625883
0.450,0.500000,-1.000000,1.700933,-1.754645,-2.695580
0.455,0.500000,-1.000000,1.732614,-1.683954,-2.762827
0.460,0.500000,-1.000000,1.744440,-1.611851,-2.827642
0.465,-0.500000,-1.000000,1.738076,-1.538606,-2.890061
0.470,-0.500000,-1.000000,1.711772,-1.464460,-2.950122
0.475,-0.500000,-1.000000,1.658666,-1.389679,-3.012385
0.480,-0.500000,-1.000000,1.576092,-1.314622,-3.076892
0.485,-0.500000,-1.000000,1.462425,-1.239688,-0.002094
0.490,-0.500000,-1.000000,1.317373,-1.165312,-0.071218
0.495,-0.500000,-1.000000,1.142183,-1.091953,-0.142706
0.500,-0.469854,-1.000000,0.939708,-1.020081,-0.216585
0.505,-0.358062,-1.000000,0.716123,-0.950168,-0.292877
0.510,-0.241527,-1.000000,0.483053,-0.882642,-0.371478
0.515,-0.124817,-1.000000,0.249635,-0.817808,-0.451930
0.520,-0.012092,-1.000000,0.024184,-0.755865,-0.533762
0.525,0.093181,-1.000000,-0.186363,-0.696902,-0.616450
0.530,0.188431,-1.000000,-0.376862,-0.640898,-0.699428
0.535,0.272161,-1.000000,-0.544322,-0.587726,-0.782157
0.540,0.343901,-1.000000,-0.687802,-0.537171,-0.864184
0.545,0.403902,-1.000000,-0.807804,-0.488957,-0.945132
0.550,0.452823,-1.000000,-0.905646,-0.442769,-1.024664
0.555,0.491524,-1.000000,-0.983047,-0.398267,-1.102470
0.560,0.500000,-1.000000,-1.041893,-0.355107,-1.178284
0.565,0.500000,-1.000000,-1.085523,-0.312946,-1.251888
0.570,0.500000,-1.000000,-1.115900,-0.271492,-1.323213
0.575,0.500000,-1.000000,-1.134263,-0.230482,-1.392240
0.580,0.500000,-1.000000,-1.141660,-0.189671,-1.458951
0.585,0.500000,-1.000000,-1.138975,-0.148832,-1.523330
0.590,0.500000,-1.000000,-1.126962,-0.107762,-1.585367
0.595,0.500000,-1.000000,-1.106289,-0.066277,-1.645048
0.600,0.500000,-1.000000,-1.077569,-0.024215,-1.702364
0.605,0.500000,-1.000000,-1.041398,-3.123029,-1.757303
0.610,0.499192,-1.000000,-0.998384,-3.079417,-1.809857
0.615,0.474620,-1.000000,-0.949239,-3.034877,-1.860017
0.620,0.448319,-1.000000,-0.896637,-2.989336,-1.907777
0.625,0.420762,-1.000000,-0.841524,-2.942789,-1.953249
0.630,0.392398,-1.000000,-0.784796,-2.895250,-1.996549
0.635,0.363642,-1.000000,-0.727283,-2.846756,-2.037807
0.640,0.334868,-1.000000,-0.669736,-2.797359,-2.077154
0.645,0.306403,-1.000000,-0.612807,-2.747125,-2.114727
0.650,0.278524,-1.000000,-0.557049,-2.696130,-2.150663
0.655,0.251455,-1.000000,-0.502910,-2.644459,-2.185100
0.660,0.225369,-1.000000,-0.450738,-2.592202,-2.218175
0.665,0.200392,-1.000000,-0.400785,-2.539453,-2.250017
0.670,0.176610,-1.000000,-0.353220,-2.486306,-2.280756
0.675,0.154070,-1.000000,-0.308140,-2.432855,-2.310512
0.680,0.132790,-1.000000,-0.265580,-2.379194,-2.339405
0.685,0.112764,-1.000000,-0.225527,-2.325411,-2.367543
0.690,0.093967,-1.000000,-0.187935,-2.271593,-2.395032
0.695,0.076365,-1.000000,-0.152729,-2.217823,-2.421970
0.700,0.059911,-1.000000,-0.119821,-2.164179,-2.448451
0.705,0.044557,-1.000000,-0.089115,-2.110734,-2.474560
0.710,0.030255,-1.000000,-0.060510,-2.057556,-2.500380
0.715,0.016956,-1.000000,-0.033912,-2.004710,-2.525985
0.720,0.004616,-1.000000,-0.009232,-1.952255,-2.551447
0.725,-0.006806,-1.000000,0.013612,-1.900246,-2.576829
0.730,-0.017346,-1.000000,0.034691,-1.848733,-2.602193
0.735,-0.027032,-1.000000,0.054064,-1.797764,-2.627594
0.740,-0.035891,-1.000000,0.071782,-1.747382,-2.653084
0.745,-0.043943,-1.000000,0.087886,-1.697627,-2.678709
0.750,-0.051205,-1.000000,0.102410,-1.648536,-2.704513
0.755,-0.057689,-1.000000,0.115379,-1.600143,-2.730535
0.760,0.063408,-1.000000,0.126815,-1.552481,-2.756811
0.765,0.068278,-1.000000,0.136556,-1.505579,-2.783373
0.770,0.072194,-1.000000,0.144388,-1.459468,-2.809677
0.775,0.075216,-1.000000,0.150432,-1.414185,-2.835705
0.780,0.077417,-1.000000,0.154834,-1.369761,-2.861443
0.785,0.078875,-1.000000,0.157751,-1.326224,-2.886882
0.790,0.079674,-1.000000,0.159348,-1.283597,-2.912016
0.795,0.079896,-1.000000,0.159792,-1.241901,-2.936840
0.800,0.079622,-1.000000,0.159244,-1.201150,-2.961353
0.805,0.078930,-1.000000,0.157860,-1.161356,-2.985556
0.810,0.077892,-1.000000,0.155784,-1.122527,-3.009450
0.815,0.076575,-1.000000,0.153149,-1.084664,-3.033036
0.820,0.075038,-1.000000,0.150076,-1.047769,-3.056318
0.825,0.073336,-1.000000,0.146672,-1.011838,-3.079298
0.830,0.071515,-1.000000,0.143031,-0.976864,-3.101980
0.835,0.069617,-1.000000,0.139234,-0.942838,-3.124368
0.840,0.067675,-1.000000,0.135349,-0.909748,-0.004874
0.845,0.065717,-1.000000,0.131434,-0.877581,-0.026690
0.850,0.063768,-1.000000,0.127536,-0.846321,-0.048227
0.855,0.061845,-1.000000,0.123691,-0.815950,-0.069494
0.860,0.059965,-1.000000,0.119930,-0.786450,-0.090497
0.865,0.058137,-1.000000,0.116274,-0.757802,-0.111242
0.870,0.056371,-1.000000,0.112741,-0.729985,-0.131738
0.875,0.054671,-1.000000,0.109342,-0.702977,-0.151991
0.880,0.053043,-1.000000,0.106085,-0.676757,-0.172008
0.885,0.051487,-1.000000,0.102975,-0.651303,-0.191794
0.890,0.050006,-1.000000,0.100012,-0.626593,-0.211358
0.895,0.048599,-1.000000,0.097198,-0.602604,-0.230703
0.900,0.047265,-1.000000,0.094530,-0.579314,-0.249836
0.905,0.046002,-1.000000,0.092004,-0.556700,-0.268760
0.910,0.044809,-1.000000,0.089617,-0.534740,-0.287479
0.915,0.043682,-1.000000,0.087364,-0.513412,-0.305999
0.920,0.042619,-1.000000,0.085238,-0.492695,-0.324322
0.925,0.041617,-1.000000,0.083234,-0.472565,-0.342452
0.930,0.040673,-1.000000,0.081346,-0.453003,-0.360393
0.935,0.039783,-1.000000,0.079567,-0.433988,-0.378147
0.940,0.038945,-1.000000,0.077890,-0.415498,-0.395719
0.945,0.038155,-1.000000,0.076311,-0.397514,-0.413109
0.950,0.037411,-1.000000,0.074822,-0.380016,-0.430322
0.955,0.036709,-1.000000,0.073417,-0.362985,-0.447360
0.960,0.036046,-1.000000,0.072091,-0.346402,-0.464226
0.965,0.035419,-1.000000,0.070839,-0.330248,-0.480922
0.970,0.034827,-1.000000,0.069654,-0.314506,-0.497451
0.975,0.034266,-1.000000,0.068533,-0.299157,-0.513815
0.980,0.033735,-1.000000,0.067470,-0.284186,-0.530016
0.985,0.033230,-1.000000,0.066461,-0.269574,-0.546057
0.990,0.032751,-1.000000,0.065502,-0.255307,-0.561939
0.995,0.032294,-1.000000,0.064588,-0.241367,-0.577665
1.000,0.031859,-1.000000,0.063717,-0.227740,-0.593238
1.005,0.031443,-1.000000,0.062885,-0.214410,-0.608658
1.010,0.031044,-1.000000,0.062089,-0.201363,-0.623927
1.015,0.030662,-1.000000,0.061325,-0.188583,-0.639048
1.020,0.030296,-1.000000,0.060591,-0.176058,-0.654021
1.025,0.029942,-1.000000,0.059885,-0.163773,-0.668849
1.030,0.029602,-1.000000,0.059203,-0.151715,-0.683533
1.035,0.029272,-1.000000,0.058544,-0.139871,-0.698074
1.040,0.028953,-1.000000,0.057906,-0.128228,-0.712475
1.045,0.028643,-1.000000,0.057287,-0.116773,-0.726736
1.050,0.028342,-1.000000,0.056684,-0.105495,-0.740859
1.055,0.028048,-1.000000,0.056096,-0.094381,-0.754846
1.060,0.311035,0.000000,0.055522,-0.083419,-0.768698
1.065,0.298643,0.000000,0.049672,-0.072599,-0.782415
1.070,0.286927,0.000000,0.044404,-0.062410,-0.794647
1.075,0.275813,0.000000,0.039649,-0.052820,-0.805451
1.080,0.265241,0.000000,0.035352,-0.043795,-0.814883
1.085,0.255161,0.000000,0.031465,-0.035306,-0.822997
1.090,0.245531,0.000000,0.027945,-0.027326,-0.829843
1.095,0.236317,0.000000,0.024759,-0.019829,-0.835467
1.100,0.227489,0.000000,0.021873,-0.012792,-0.839918
1.105,0.219025,0.000000,0.019260,-0.006191,-0.843239
1.110,0.210903,0.000000,0.016896,-0.000006,-0.845472
1.115,0.203107,0.000000,0.014758,0.005784,-0.846658
1.120,0.335814,1.000000,0.012828,0.011199,-0.846835
1.125,0.327312,1.000000,0.009930,0.016257,-0.846042
1.130,0.318552,1.000000,0.007444,0.020726,-0.843643
1.135,0.309559,1.000000,0.005345,0.024624,-0.839680
1.140,0.300363,1.000000,0.003607,0.027972,-0.834193
1.145,0.290991,1.000000,0.002205,0.030789,-0.827228
1.150,0.281472,1.000000,0.001110,0.033095,-0.818827
1.155,0.271833,1.000000,0.000298,0.034909,-0.809034
1.160,0.262096,1.000000,-0.000258,0.036251,-0.797897
1.165,0.252285,1.000000,-0.000584,0.037141,-0.785461
1.170,0.242417,1.000000,-0.000706,0.037598,-0.771773
1.175,0.232509,1.000000,-0.000647,0.037643,-0.756880
1.180,0.222572,1.000000,-0.000432,0.037294,-0.740828
1.185,0.212616,1.000000,-0.000082,0.036571,-0.723664
1.190,0.202646,1.000000,0.000382,0.035492,-0.705438
1.195,0.192665,1.000000,0.000939,0.034075,-0.686195
1.200,0.182675,1.000000,0.001571,0.032339,-0.665985
1.205,0.172672,1.000000,0.002262,0.030300,-0.644855
1.210,0.162653,1.000000,0.002996,0.027976,-0.622851
1.215,0.152612,1.000000,0.003759,0.025383,-0.600023
1.220,0.142543,1.000000,0.004537,0.022537,-0.576418
1.225,0.132437,1.000000,0.005319,0.019454,-0.552083
1.230,0.122286,1.000000,0.006094,0.016148,-0.527067
1.235,0.112083,1.000000,0.006853,0.012633,-0.501418
1.240,0.101820,1.000000,0.007586,0.008924,-0.475184
1.245,0.091490,1.000000,0.008285,0.005034,-0.448415
1.250,0.081086,1.000000,0.008945,0.000976,-0.421159
1.255,0.070605,1.000000,0.009557,-0.003237,-0.393465
1.260,0.060044,1.000000,0.010116,-0.007594,-0.365384
1.265,0.049403,1.000000,0.010617,-0.012081,-0.336966
1.270,0.038683,1.000000,0.011056,-0.016687,-0.308260
1.275,0.027889,1.000000,0.011426,-0.021400,-0.279318
1.280,0.017029,1.000000,0.011725,-0.026209,-0.250191
1.285,0.006112,1.000000,0.011949,-0.031103,-0.220930
1.290,-0.004849,1.000000,0.012094,-0.036070,-0.191588
1.295,-0.015837,1.000000,0.012159,-0.041099,-0.162217
1.300,-0.026832,1.000000,0.012139,-0.046179,-0.132869
1.305,-0.037813,1.000000,0.012035,-0.051299,-0.103596
1.310,-0.048755,1.000000,0.011843,-0.056446,-0.074451
1.315,-0.059630,1.000000,0.011563,-0.061609,-0.045487
1.320,-0.070407,1.000000,0.011195,-0.066778,-0.016756
1.325,-0.081055,1.000000,0.010738,-0.071939,-3.129903
1.330,-0.091539,1.000000,0.010195,-0.077081,-3.101793
1.335,-0.101824,1.000000,0.009567,-0.082192,-3.074071
1.340,-0.111872,1.000000,0.008857,-0.087260,-3.046785
1.345,-0.121649,1.000000,0.008067,-0.092273,-3.019986
1.350,-0.131115,1.000000,0.007203,-0.097218,-2.993721
1.355,-0.140236,1.000000,0.006269,-0.102083,-2.968036
1.360,-0.148975,1.000000,0.005273,-0.106855,-2.942979
1.365,-0.157300,1.000000,0.004220,-0.111522,-2.918590
1.370,-0.165177,1.000000,0.003120,-0.116072,-2.894912
1.375,-0.172578,1.000000,0.001981,-0.120493,-2.871985
1.380,-0.179478,1.000000,0.000812,-0.124773,-2.849847
1.385,-0.185852,1.000000,-0.000376,-0.128901,-2.828531
1.390,-0.191683,1.000000,-0.001574,-0.132865,-2.808072
1.395,-0.196954,1.000000,-0.002769,-0.136656,-2.788500
1.400,-0.201656,1.000000,-0.003951,-0.140262,-2.769841
1.405,-0.205780,1.000000,-0.005109,-0.143675,-2.752122
1.410,-0.209326,1.000000,-0.006232,-0.146886,-2.735364
1.415,-0.212293,1.000000,-0.007310,-0.149886,-2.719587
1.420,-0.214689,1.000000,-0.008333,-0.152668,-2.704808
1.425,-0.216524,1.000000,-0.009291,-0.155227,-2.691041
1.430,-0.217810,1.000000,-0.010177,-0.157555,-2.678296
1.435,-0.218565,1.000000,-0.010982,-0.159649,-2.666583
1.440,-0.218808,1.000000,-0.011701,-0.161504,-2.655907
1.445,-0.218563,1.000000,-0.012328,-0.163118,-2.646273
1.450,-0.217854,1.000000,-0.012859,-0.164489,-2.637682
1.455,-0.216707,1.000000,-0.013291,-0.165615,-2.630130
1.460,-0.215152,1.000000,-0.013624,-0.166496,-2.623617
1.465,-0.213217,1.000000,-0.013856,-0.167133,-2.618136
1.470,-0.210931,1.000000,-0.013988,-0.167528,-2.613680
1.475,-0.208324,1.000000,-0.014022,-0.167682,-2.610239
1.480,-0.205427,1.000000,-0.013961,-0.167599,-2.607802
1.485,-0.202269,1.000000,-0.013809,-0.167283,-2.606357
1.490,-0.198877,1.000000,-0.013570,-0.166737,-2.605891
1.495,-0.195280,1.000000,-0.013248,-0.165967,-2.606388
1.500,-0.191502,1.000000,-0.012851,-0.164978,-2.607832
1.505,-0.187570,1.000000,-0.012382,-0.163777,-2.610205
1.510,-0.183505,1.000000,-0.011850,-0.162369,-2.613491
1.515,-0.179329,1.000000,-0.011261,-0.160761,-2.617669
1.520,-0.175061,1.000000,-0.010620,-0.158960,-2.622720
1.525,-0.170719,1.000000,-0.009936,-0.156974,-2.628627
1.530,-0.166318,1.000000,-0.009213,-0.154811,-2.635366
1.535,-0.161873,1.000000,-0.008459,-0.152476,-2.642918
1.540,-0.157394,1.000000,-0.007680,-0.149979,-2.651263
1.545,-0.152892,1.000000,-0.006882,-0.147326,-2.660378
1.550,-0.148376,1.000000,-0.006069,-0.144526,-2.670243
1.555,-0.143852,1.000000,-0.005249,-0.141585,-2.680836
1.560,-0.139325,1.000000,-0.004424,-0.138513,-2.692136
1.565,-0.134798,1.000000,-0.003601,-0.135315,-2.704121
1.570,-0.130275,1.000000,-0.002783,-0.131999,-2.716770
1.575,-0.125756,1.000000,-0.001975,-0.128573,-2.730061
1.580,-0.121242,1.000000,-0.001178,-0.125043,-2.743972
1.585,-0.116731,1.000000,-0.000398,-0.121416,-2.758484
1.590,-0.112222,1.000000,0.000364,-0.117698,-2.773572
1.595,-0.107712,1.000000,0.001105,-0.113897,-2.789217
1.600,-0.103198,1.000000,0.001822,-0.110017,-2.805397
1.605,-0.098677,1.000000,0.002514,-0.106066,-2.822090
1.610,-0.094144,1.000000,0.003179,-0.102048,-2.839275
1.615,-0.089595,1.000000,0.003816,-0.097969,-2.856930
1.620,-0.085026,1.000000,0.004423,-0.093836,-2.875035
1.625,-0.080433,1.000000,0.004998,-0.089651,-2.893567
1.630,-0.075810,1.000000,0.005542,-0.085422,-2.912504
1.635,-0.071155,1.000000,0.006052,-0.081152,-2.931824
1.640,-0.066462,1.000000,0.006530,-0.076846,-2.951506
1.645,-0.061729,1.000000,0.006973,-0.072508,-2.971528
1.650,-0.056952,1.000000,0.007381,-0.068143,-2.991866
1.655,-0.052128,1.000000,0.007754,-0.063755,-3.012499
1.660,-0.047255,1.000000,0.008092,-0.059349,-3.033403
1.665,-0.042332,1.000000,0.008394,-0.054927,-3.054557
1.670,-0.037358,1.000000,0.008660,-0.050494,-3.075935
1.675,-0.032332,1.000000,0.008890,-0.046054,-3.097516
1.680,-0.027256,1.000000,0.009083,-0.041610,-3.119275
1.685,-0.022130,1.000000,0.009240,-0.037167,-3.141187
1.690,-0.016958,1.000000,0.009361,-0.032727,-0.021638
1.695,-0.011742,1.000000,0.009445,-0.028296,-0.043786
1.700,-0.006487,1.000000,0.009493,-0.023875,-0.066015
1.705,-0.001197,1.000000,0.009504,-0.019471,-0.088300
1.710,0.004120,1.000000,0.009479,-0.015085,-0.110616
1.715,0.009459,1.000000,0.009419,-0.010721,-0.132937
1.720,0.014811,1.000000,0.009323,-0.006385,-0.155239
1.725,0.020169,1.000000,0.009192,-0.002079,-0.177495
1.730,0.025521,1.000000,0.009026,0.002192,-0.199680
1.735,0.030859,1.000000,0.008827,0.006425,-0.221769
1.740,0.036170,1.000000,0.008594,0.010615,-0.243736
1.745,0.041445,1.000000,0.008330,0.014759,-0.265555
1.750,0.046669,1.000000,0.008035,0.018851,-0.287202
1.755,0.051832,1.000000,0.007709,0.022888,-0.308650
1.760,0.056919,1.000000,0.007356,0.026865,-0.329876
1.765,0.061918,1.000000,0.006975,0.030779,-0.350854
1.770,0.066816,1.000000,0.006570,0.034623,-0.371560
1.775,0.071598,1.000000,0.006141,0.038395,-0.391971
1.780,0.076251,1.000000,0.005691,0.042090,-0.412062
1.785,0.080763,1.000000,0.005222,0.045702,-0.431811
1.790,0.085120,1.000000,0.004736,0.049228,-0.451197
1.795,0.089310,1.000000,0.004236,0.052664,-0.470197
1.800,0.093321,1.000000,0.003725,0.056004,-0.488791
1.805,0.097142,1.000000,0.003205,0.059245,-0.506958
1.810,0.100762,1.000000,0.002680,0.062383,-0.524680
1.815,0.104172,1.000000,0.002152,0.065412,-0.541939
1.820,0.107363,1.000000,0.001624,0.068330,-0.558716
1.825,0.110327,1.000000,0.001099,0.071132,-0.574996
1.830,0.113057,1.000000,0.000581,0.073816,-0.590764
1.835,0.115549,1.000000,0.000072,0.076376,-0.606006
1.840,0.117796,1.000000,-0.000425,0.078811,-0.620709
1.845,0.119797,1.000000,-0.000906,0.081117,-0.634860
1.850,0.121549,1.000000,-0.001370,0.083291,-0.648450
1.855,0.123051,1.000000,-0.001813,0.085330,-0.661468
1.860,0.124304,1.000000,-0.002233,0.087234,-0.673906
1.865,0.125309,1.000000,-0.002627,0.088999,-0.685758
1.870,0.126067,1.000000,-0.002994,0.090624,-0.697017
1.875,0.126583,1.000000,-0.003332,0.092108,-0.707678
1.880,0.126862,1.000000,-0.003640,0.093449,-0.717738
1.885,0.126907,1.000000,-0.003915,0.094647,-0.727195
1.890,0.126726,1.000000,-0.004157,0.095702,-0.736047
1.895,0.126326,1.000000,-0.004366,0.096613,-0.744293
1.900,0.125713,1.000000,-0.004541,0.097381,-0.751936
1.905,0.124896,1.000000,-0.004681,0.098007,-0.758976
1.910,0.123883,1.000000,-0.004787,0.098490,-0.765417
1.915,0.122683,1.000000,-0.004859,0.098833,-0.771263
1.920,0.121306,1.000000,-0.004898,0.099037,-0.776519
1.925,0.119760,1.000000,-0.004904,0.099104,-0.781189
1.930,0.118056,1.000000,-0.004880,0.099035,-0.785281
1.935,0.116202,1.000000,-0.004825,0.098834,-0.788803
1.940,0.114209,1.000000,-0.004741,0.098502,-0.791762
1.945,0.112085,1.000000,-0.004630,0.098042,-0.794168
1.950,0.109841,1.000000,-0.004494,0.097457,-0.796028
1.955,0.107485,1.000000,-0.004334,0.096751,-0.797355
1.960,0.105026,1.000000,-0.004153,0.095927,-0.798158
1.965,0.102473,1.000000,-0.003952,0.094988,-0.798449
1.970,0.099834,1.000000,-0.003734,0.093938,-0.798239
1.975,0.097117,1.000000,-0.003500,0.092780,-0.797541
1.980,0.094329,1.000000,-0.003253,0.091520,-0.796368
1.985,0.091479,1.000000,-0.002994,0.090159,-0.794731
1.990,0.088572,1.000000,-0.002726,0.088704,-0.792645
1.995,0.085616,1.000000,-0.002450,0.087157,-0.790124
2.000,0.082616,1.000000,-0.002169,0.085522,-0.787180
2.005,0.079579,1.000000,-0.001884,0.083805,-0.783829
2.010,0.076509,1.000000,-0.001598,0.082009,-0.780084
2.015,0.073412,1.000000,-0.001312,0.080139,-0.775959
2.020,0.070292,1.000000,-0.001027,0.078199,-0.771470
2.025,0.067155,1.000000,-0.000745,0.076192,-0.766632
2.030,0.064004,1.000000,-0.000468,0.074124,-0.761458
2.035,0.060842,1.000000,-0.000197,0.071998,-0.755965
2.040,0.057675,1.000000,0.000067,0.069818,-0.750167
2.045,0.054505,1.000000,0.000322,0.067590,-0.744079
2.050,0.051335,1.000000,0.000569,0.065316,-0.737716
2.055,0.048169,1.000000,0.000805,0.063000,-0.731093
2.060,0.045010,1.000000,0.001030,0.060648,-0.724227
2.065,0.041860,1.000000,0.001243,0.058262,-0.717131
2.070,0.038722,1.000000,0.001444,0.055847,-0.709820
2.075,0.035598,1.000000,0.001631,0.053406,-0.702310
2.080,0.032492,1.000000,0.001806,0.050943,-0.694615
2.085,0.029405,1.000000,0.001966,0.048461,-0.686751
2.090,0.026341,1.000000,0.002112,0.045965,-0.678733
2.095,0.023300,1.000000,0.002244,0.043457,-0.670575
2.100,0.020287,1.000000,0.002362,0.040942,-0.662292
2.105,0.017303,1.000000,0.002465,0.038422,-0.653897
2.110,0.014350,1.000000,0.002553,0.035901,-0.645407
2.115,0.011432,1.000000,0.002627,0.033382,-0.636834
2.120,0.008550,1.000000,0.002687,0.030868,-0.628193
2.125,0.005706,1.000000,0.002733,0.028363,-0.619497
2.130,0.002904,1.000000,0.002765,0.025869,-0.610762
2.135,0.000146,1.000000,0.002783,0.023389,-0.601999
2.140,-0.002566,1.000000,0.002789,0.020926,-0.593224
2.145,-0.005230,1.000000,0.002782,0.018482,-0.584447
2.150,-0.007843,1.000000,0.002762,0.016062,-0.575683
2.155,-0.010402,1.000000,0.002731,0.013666,-0.566944
2.160,-0.012905,1.000000,0.002689,0.011299,-0.558243
2.165,-0.015350,1.000000,0.002636,0.008961,-0.549592
2.170,-0.017735,1.000000,0.002574,0.006657,-0.541003
2.175,-0.020056,1.000000,0.002502,0.004387,-0.532488
2.180,-0.022312,1.000000,0.002421,0.002154,-0.524057
2.185,-0.024500,1.000000,0.002332,-0.000039,-0.515722
2.190,-0.026619,1.000000,0.002236,-0.002190,-0.507494
2.195,-0.028666,1.000000,0.002134,-0.004298,-0.499383
2.200,-0.030639,1.000000,0.002025,-0.006360,-0.491399
2.205,-0.032537,1.000000,0.001912,-0.008375,-0.483552
2.210,-0.034357,1.000000,0.001794,-0.010341,-0.475852
2.215,-0.036099,1.000000,0.001672,-0.012255,-0.468308
2.220,-0.037759,1.000000,0.001548,-0.014118,-0.460927
2.225,-0.039338,1.000000,0.001421,-0.015926,-0.453718
2.230,-0.040834,1.000000,0.001293,-0.017679,-0.446691
2.235,-0.042246,1.000000,0.001164,-0.019375,-0.439851
2.240,-0.043573,1.000000,0.001035,-0.021013,-0.433206
2.245,-0.044815,1.000000,0.000907,-0.022591,-0.426763
2.250,-0.045970,1.000000,0.000780,-0.024110,-0.420527
2.255,-0.047038,1.000000,0.000654,-0.025567,-0.414506
2.260,-0.048020,1.000000,0.000531,-0.026962,-0.408704
2.265,-0.048915,1.000000,0.000411,-0.028295,-0.403126
2.270,-0.049723,1.000000,0.000294,-0.029563,-0.397778
2.275,-0.050445,1.000000,0.000182,-0.030768,-0.392663
2.280,-0.051081,1.000000,0.000073,-0.031908,-0.387785
2.285,-0.051632,1.000000,-0.000030,-0.032983,-0.383148
2.290,-0.052098,1.000000,-0.000128,-0.033993,-0.378755
2.295,-0.052481,1.000000,-0.000221,-0.034938,-0.374608
2.300,-0.052782,1.000000,-0.000308,-0.035816,-0.370709
2.305,-0.053001,1.000000,-0.000389,-0.036630,-0.367062
2.310,-0.053141,1.000000,-0.000464,-0.037378,-0.363666
2.315,-0.053202,1.000000,-0.000532,-0.038060,-0.360522
2.320,-0.053187,1.000000,-0.000594,-0.038678,-0.357633
2.325,-0.053098,1.000000,-0.000649,-0.039231,-0.354997
2.330,-0.052935,1.000000,-0.000697,-0.039721,-0.352614
2.335,-0.052701,1.000000,-0.000739,-0.040146,-0.350486
2.340,-0.052398,1.000000,-0.000775,-0.040509,-0.348609
2.345,-0.052028,1.000000,-0.000804,-0.040809,-0.346984
2.350,-0.051593,1.000000,-0.000826,-0.041048,-0.345609
2.355,-0.051096,1.000000,-0.000843,-0.041227,-0.344482
2.360,-0.050538,1.000000,-0.000853,-0.041346,-0.343600
2.365,-0.049922,1.000000,-0.000857,-0.041406,-0.342963
2.370,-0.049250,1.000000,-0.000856,-0.041409,-0.342567
2.375,-0.048525,1.000000,-0.000849,-0.041355,-0.342408
2.380,-0.047749,1.000000,-0.000837,-0.041246,-0.342485
2.385,-0.046924,1.000000,-0.000820,-0.041083,-0.342793
2.390,-0.046052,1.000000,-0.000799,-0.040868,-0.343329
2.395,-0.045136,1.000000,-0.000774,-0.040601,-0.344088
2.400,-0.044179,1.000000,-0.000744,-0.040284,-0.345066
2.405,-0.043182,1.000000,-0.000711,-0.039919,-0.346260
2.410,-0.042148,1.000000,-0.000675,-0.039507,-0.347665
2.415,-0.041079,1.000000,-0.000635,-0.039049,-0.349276
2.420,-0.039978,1.000000,-0.000594,-0.038547,-0.351087
2.425,-0.038846,1.000000,-0.000550,-0.038003,-0.353094
2.430,-0.037686,1.000000,-0.000504,-0.037418,-0.355292
2.435,-0.036501,1.000000,-0.000456,-0.036794,-0.357676
2.440,-0.035291,1.000000,-0.000407,-0.036132,-0.360238
2.445,-0.034060,1.000000,-0.000358,-0.035435,-0.362975
2.450,-0.032809,1.000000,-0.000308,-0.034703,-0.365880
2.455,-0.031540,1.000000,-0.000257,-0.033938,-0.368947
2.460,-0.030256,1.000000,-0.000207,-0.033143,-0.372170
2.465,-0.028958,1.000000,-0.000156,-0.032318,-0.375545
2.470,-0.027648,1.000000,-0.000107,-0.031466,-0.379063
2.475,-0.026328,1.000000,-0.000058,-0.030588,-0.382718
2.480,-0.025001,1.000000,-0.000010,-0.029686,-0.386506
2.485,-0.023667,1.000000,0.000037,-0.028762,-0.390419
2.490,-0.022328,1.000000,0.000082,-0.027816,-0.394451
2.495,-0.020987,1.000000,0.000125,-0.026852,-0.398596
2.500,-0.019644,1.000000,0.000167,-0.025870,-0.402847
2.505,-0.018302,1.000000,0.000207,-0.024872,-0.407198
2.510,-0.016962,1.000000,0.000245,-0.023860,-0.411643
2.515,-0.015626,1.000000,0.000280,-0.022835,-0.416175
2.520,-0.014296,1.000000,0.000313,-0.021799,-0.420788
2.525,-0.012972,1.000000,0.000344,-0.020754,-0.425475
2.530,-0.011656,1.000000,0.000372,-0.019701,-0.430230
2.535,-0.010350,1.000000,0.000397,-0.018641,-0.435047
2.540,-0.009055,1.000000,0.000420,-0.017577,-0.439920
2.545,-0.007773,1.000000,0.000440,-0.016509,-0.444840
2.550,-0.006505,1.000000,0.000458,-0.015439,-0.449805
2.555,-0.005252,1.000000,0.000473,-0.014369,-0.454806
2.560,-0.004015,1.000000,0.000485,-0.013300,-0.459839
2.565,-0.002796,1.000000,0.000495,-0.012233,-0.464896
2.570,-0.001596,1.000000,0.000502,-0.011169,-0.469973
2.575,-0.000416,1.000000,0.000507,-0.010111,-0.475061
2.580,0.000743,1.000000,0.000509,-0.009058,-0.480158
2.585,0.001880,1.000000,0.000509,-0.008013,-0.485256
2.590,0.002993,1.000000,0.000507,-0.006977,-0.490351
2.595,0.004082,1.000000,0.000502,-0.005951,-0.495437
2.600,0.005145,1.000000,0.000495,-0.004935,-0.500508
2.605,0.006182,1.000000,0.000486,-0.003932,-0.505560
2.610,0.007192,1.000000,0.000476,-0.002942,-0.510587
2.615,0.008174,1.000000,0.000463,-0.001966,-0.515584
2.620,0.009128,1.000000,0.000449,-0.001005,-0.520547
2.625,0.010051,1.000000,0.000434,-0.000060,-0.525471
2.630,0.010945,1.000000,0.000417,0.000868,-0.530351
2.635,0.011807,1.000000,0.000398,0.001777,-0.535183
2.640,0.012638,1.000000,0.000379,0.002668,-0.539963
2.645,0.013437,1.000000,0.000359,0.003540,-0.544686
2.650,0.014204,1.000000,0.000337,0.004391,-0.549350
2.655,0.014937,1.000000,0.000315,0.005221,-0.553948
2.660,0.015637,1.000000,0.000293,0.006029,-0.558479
2.665,0.016304,1.000000,0.000270,0.006814,-0.562939
2.670,0.016936,1.000000,0.000247,0.007577,-0.567324
2.675,0.017534,1.000000,0.000223,0.008316,-0.571631
2.680,0.018097,1.000000,0.000199,0.009031,-0.575857
2.685,0.018626,1.000000,0.000176,0.009722,-0.580000
2.690,0.019120,1.000000,0.000153,0.010387,-0.584056
2.695,0.019579,1.000000,0.000129,0.011027,-0.588023
2.700,0.020004,1.000000,0.000107,0.011642,-0.591899
2.705,0.020394,1.000000,0.000084,0.012230,-0.595681
2.710,0.020749,1.000000,0.000063,0.012792,-0.599368
2.715,0.021070,1.000000,0.000042,0.013327,-0.602958
2.720,0.021357,1.000000,0.000021,0.013836,-0.606448
2.725,0.021610,1.000000,0.000002,0.014318,-0.609839
2.730,0.021829,1.000000,-0.000017,0.014772,-0.613127
2.735,0.022015,1.000000,-0.000035,0.015200,-0.616312
2.740,0.022168,1.000000,-0.000051,0.015600,-0.619393
2.745,0.022289,1.000000,-0.000067,0.015973,-0.622370
2.750,0.022377,1.000000,-0.000082,0.016319,-0.625240
2.755,0.022435,1.000000,-0.000095,0.016638,-0.628004
2.760,0.022461,1.000000,-0.000108,0.016930,-0.630661
2.765,0.022457,1.000000,-0.000119,0.017196,-0.633211
2.770,0.022424,1.000000,-0.000129,0.017434,-0.635654
2.775,0.022361,1.000000,-0.000138,0.017647,-0.637990
2.780,0.022270,1.000000,-0.000146,0.017833,-0.640219
2.785,0.022152,1.000000,-0.000153,0.017993,-0.642341
2.790,0.022006,1.000000,-0.000158,0.018127,-0.644357
2.795,0.021835,1.000000,-0.000163,0.018237,-0.646267
2.800,0.021638,1.000000,-0.000166,0.018321,-0.648072
2.805,0.021416,1.000000,-0.000168,0.018381,-0.649774
2.810,0.021171,1.000000,-0.000170,0.018416,-0.651372
2.815,0.020903,1.000000,-0.000170,0.018428,-0.652868
2.820,0.020613,1.000000,-0.000169,0.018417,-0.654264
2.825,0.020301,1.000000,-0.000167,0.018383,-0.655559
2.830,0.019970,1.000000,-0.000165,0.018327,-0.656755
2.835,0.019619,1.000000,-0.000162,0.018249,-0.657856
2.840,0.019249,1.000000,-0.000157,0.018150,-0.658861
2.845,0.018862,1.000000,-0.000153,0.018030,-0.659773
2.850,0.018458,1.000000,-0.000147,0.017890,-0.660593
2.855,0.018038,1.000000,-0.000141,0.017731,-0.661323
2.860,0.017603,1.000000,-0.000135,0.017552,-0.661964
2.865,0.017155,1.000000,-0.000128,0.017356,-0.662520
2.870,0.016693,1.000000,-0.000120,0.017142,-0.662993
2.875,0.016219,1.000000,-0.000112,0.016911,-0.663383
2.880,0.015733,1.000000,-0.000104,0.016664,-0.663693
2.885,0.015238,1.000000,-0.000096,0.016401,-0.663927
2.890,0.014732,1.000000,-0.000087,0.016123,-0.664085
2.895,0.014219,1.000000,-0.000078,0.015831,-0.664171
2.900,0.013697,1.000000,-0.000069,0.015525,-0.664187
2.905,0.013168,1.000000,-0.000060,0.015206,-0.664135
2.910,0.012634,1.000000,-0.000052,0.014876,-0.664018
2.915,0.012094,1.000000,-0.000043,0.014533,-0.663837
2.920,0.011550,1.000000,-0.000034,0.014180,-0.663597
2.925,0.011002,1.000000,-0.000025,0.013816,-0.663300
2.930,0.010452,1.000000,-0.000017,0.013443,-0.662947
2.935,0.009900,1.000000,-0.000009,0.013062,-0.662541
2.940,0.009346,1.000000,-0.000001,0.012672,-0.662087
2.945,0.008792,1.000000,0.000007,0.012275,-0.661585
2.950,0.008239,1.000000,0.000014,0.011871,-0.661038
2.955,0.007686,1.000000,0.000021,0.011461,-0.660450
2.960,0.007136,1.000000,0.000028,0.011046,-0.659822
2.965,0.006588,1.000000,0.000034,0.010625,-0.659158
2.970,0.006043,1.000000,0.000040,0.010201,-0.658460
2.975,0.005501,1.000000,0.000046,0.009774,-0.657730
2.980,0.004965,1.000000,0.000051,0.009344,-0.656972
2.985,0.004433,1.000000,0.000055,0.008911,-0.656187
2.990,0.003907,1.000000,0.000059,0.008477,-0.655379
2.995,0.003388,1.000000,0.000063,0.008042,-0.654551
3.000,0.002875,1.000000,0.000066,0.007607,-0.653703
